     0.0    1.25445e-04  -8.43212e-03
    10.0   -7.00998e+00  -4.38810e+00
    20.0   -1.39575e+01  -7.83730e+00
    30.0   -1.99355e+01  -1.02625e+01
    40.0   -2.40821e+01  -1.15347e+01
    50.0   -2.54515e+01  -1.15911e+01
    60.0   -2.32975e+01  -1.04776e+01
    70.0   -1.85656e+01  -8.40797e+00
    80.0   -1.23962e+01  -5.71075e+00
    90.0   -5.84691e+00  -2.77524e+00
   100.0    7.62523e-03   1.91968e-03
   110.0    4.27744e+00   2.28365e+00
   120.0    7.06278e+00   3.97171e+00
   130.0    8.62420e+00   5.05017e+00
   140.0    9.16453e+00   5.54119e+00
   150.0    8.86585e+00   5.49406e+00
   160.0    7.88728e+00   4.97857e+00
   170.0    6.37692e+00   4.07653e+00
   180.0    4.47229e+00   2.87995e+00
   190.0    2.30481e+00   1.48681e+00
   200.0    1.72346e-03   1.92012e-04

