
  -1.4406e-02  -6.6112e-03  -7.1285e-04  1.4325e-03   1.7608e-03   1.4325e-03  -7.1285e-04  -6.6112e-03  -1.4406e-02
  -4.6461e-01  -4.5563e-01  -4.4889e-01 -4.4597e-01  -4.4531e-01  -4.4597e-01  -4.4889e-01  -4.5563e-01  -4.6461e-01
  -8.4687e-01  -8.3585e-01  -8.2771e-01 -8.2399e-01  -8.2308e-01  -8.2399e-01  -8.2771e-01  -8.3585e-01  -8.4687e-01
  -1.1082e+00  -1.0960e+00  -1.0869e+00 -1.0827e+00  -1.0816e+00  -1.0827e+00  -1.0869e+00  -1.0960e+00  -1.1082e+00
  -1.2207e+00  -1.2082e+00  -1.1990e+00 -1.1946e+00  -1.1935e+00  -1.1946e+00  -1.1990e+00  -1.2082e+00  -1.2207e+00
  -1.1784e+00  -1.1666e+00  -1.1579e+00 -1.1539e+00  -1.1529e+00  -1.1539e+00  -1.1579e+00  -1.1666e+00  -1.1784e+00
  -9.9764e-01  -9.8762e-01  -9.8020e-01 -9.7692e-01  -9.7616e-01  -9.7692e-01  -9.8020e-01  -9.8762e-01  -9.9764e-01
  -7.1665e-01  -7.0936e-01  -7.0390e-01 -7.0180e-01  -7.0143e-01  -7.0180e-01  -7.0390e-01  -7.0936e-01  -7.1665e-01
  -3.9610e-01  -3.9250e-01  -3.8967e-01 -3.8915e-01  -3.8932e-01  -3.8915e-01  -3.8967e-01  -3.9250e-01  -3.9610e-01
  -1.1818e-01  -1.1898e-01  -1.1916e-01 -1.2026e-01  -1.2091e-01  -1.2026e-01  -1.1916e-01  -1.1898e-01  -1.1818e-01
   4.9591e-03   2.0956e-03   7.8977e-04 -1.5143e-03  -2.7200e-03  -1.5143e-03   7.8977e-04   2.0956e-03   4.9591e-03
  -1.1818e-01  -1.1898e-01  -1.1916e-01 -1.2026e-01  -1.2091e-01  -1.2026e-01  -1.1916e-01  -1.1898e-01  -1.1818e-01
  -3.9610e-01  -3.9250e-01  -3.8967e-01 -3.8915e-01  -3.8932e-01  -3.8915e-01  -3.8967e-01  -3.9250e-01  -3.9610e-01
  -7.1665e-01  -7.0936e-01  -7.0390e-01 -7.0180e-01  -7.0143e-01  -7.0180e-01  -7.0390e-01  -7.0936e-01  -7.1665e-01
  -9.9764e-01  -9.8762e-01  -9.8020e-01 -9.7692e-01  -9.7616e-01  -9.7692e-01  -9.8020e-01  -9.8762e-01  -9.9764e-01
  -1.1784e+00  -1.1666e+00  -1.1579e+00 -1.1539e+00  -1.1529e+00  -1.1539e+00  -1.1579e+00  -1.1666e+00  -1.1784e+00
  -1.2207e+00  -1.2082e+00  -1.1990e+00 -1.1946e+00  -1.1935e+00  -1.1946e+00  -1.1990e+00  -1.2082e+00  -1.2207e+00
  -1.1082e+00  -1.0960e+00  -1.0869e+00 -1.0827e+00  -1.0816e+00  -1.0827e+00  -1.0869e+00  -1.0960e+00  -1.1082e+00
  -8.4687e-01  -8.3585e-01  -8.2771e-01 -8.2399e-01  -8.2308e-01  -8.2399e-01  -8.2771e-01  -8.3585e-01  -8.4687e-01
  -4.6461e-01  -4.5563e-01  -4.4889e-01 -4.4597e-01  -4.4531e-01  -4.4597e-01  -4.4889e-01  -4.5563e-01  -4.6461e-01
  -1.4406e-02  -6.6112e-03  -7.1285e-04  1.4325e-03   1.7608e-03   1.4325e-03  -7.1285e-04  -6.6112e-03  -1.4406e-02
